60
1 0 7
3 0 15
3 1 16
4 2 4
5 0 7
5 1 21
6 0 1
6 1 21
7 5 6
8 1 13
8 4 22
8 6 6
9 2 11
9 6 16
10 0 2
10 3 21
10 5 14
10 9 9
11 0 6
11 4 20
11 5 1
11 6 6
11 7 19
11 9 16
12 1 4
12 3 17
12 4 8
12 5 11
12 7 3
13 1 25
13 2 2
13 4 12
13 5 14
13 7 3
13 9 17
13 11 22
14 0 3
14 2 2
14 3 10
14 4 14
14 7 15
14 8 9
14 9 17
14 10 25
14 12 14
14 13 20
15 1 7
15 2 8
15 3 2
15 4 12
15 5 24
15 6 7
15 7 8
15 13 19
16 0 3
16 1 11
16 2 14
16 8 16
16 9 25
16 11 4
17 0 21
17 1 3
17 4 19
17 6 4
17 10 18
17 14 4
17 16 17
18 1 25
18 3 4
18 5 7
18 6 21
18 8 13
18 9 21
18 10 10
18 15 16
18 16 7
18 17 15
19 0 18
19 2 13
19 3 1
19 4 24
19 7 13
19 8 20
19 10 13
19 12 17
19 13 12
19 17 7
20 0 23
20 1 11
20 2 14
20 6 23
20 7 2
20 8 1
20 13 15
21 0 16
21 2 12
21 4 12
21 5 13
21 8 1
21 9 12
21 11 10
21 19 12
22 2 10
22 4 24
22 5 24
22 6 13
22 9 8
22 12 10
22 13 17
22 14 17
22 15 10
22 19 1
22 20 23
23 5 22
23 6 5
23 8 13
23 9 8
23 10 21
23 11 20
23 13 20
23 14 21
23 16 16
23 18 3
23 20 7
23 22 12
24 2 22
24 3 17
24 5 5
24 6 8
24 7 19
24 10 10
24 11 4
24 12 12
24 13 4
24 15 8
24 17 21
24 19 12
24 20 15
24 22 18
24 23 22
25 2 3
25 3 4
25 5 9
25 6 22
25 8 17
25 10 6
25 12 19
25 13 14
25 17 4
25 20 25
25 23 4
26 1 11
26 3 8
26 5 15
26 7 2
26 10 12
26 11 25
26 14 5
26 15 4
26 17 18
26 18 18
26 19 6
26 22 5
26 23 9
26 24 25
26 25 5
27 1 11
27 2 18
27 5 13
27 8 11
27 10 25
27 13 2
27 14 13
27 20 18
27 21 11
27 25 12
27 26 15
28 1 21
28 3 24
28 4 7
28 5 18
28 6 19
28 9 8
28 10 5
28 11 15
28 12 1
28 15 5
28 19 6
28 21 9
28 23 19
28 24 25
28 25 11
29 0 18
29 6 8
29 7 4
29 8 2
29 10 11
29 11 22
29 14 5
29 16 14
29 17 25
29 18 10
29 23 24
29 24 7
29 26 15
29 27 11
29 28 19
30 0 23
30 2 3
30 3 18
30 7 5
30 11 17
30 12 10
30 13 5
30 15 13
30 17 6
30 20 2
30 21 16
30 23 4
30 24 21
30 25 9
30 27 22
31 0 12
31 5 12
31 8 21
31 11 3
31 12 8
31 14 14
31 16 1
31 19 5
31 22 16
31 27 11
31 28 4
32 0 18
32 2 24
32 4 23
32 7 3
32 9 1
32 10 18
32 11 8
32 15 9
32 18 25
32 19 20
32 23 14
32 26 7
32 30 23
33 2 24
33 3 8
33 5 22
33 6 14
33 7 11
33 8 18
33 9 9
33 11 15
33 12 6
33 15 12
33 16 20
33 17 5
33 18 16
33 20 11
33 30 9
34 1 20
34 3 19
34 4 8
34 8 5
34 11 6
34 18 11
34 20 8
34 21 4
34 22 16
34 23 11
34 28 22
35 6 9
35 7 4
35 8 13
35 9 6
35 13 3
35 16 19
35 17 4
35 18 14
35 19 23
35 20 6
35 24 2
35 27 14
35 30 19
35 32 9
36 5 23
36 6 6
36 7 5
36 9 17
36 12 17
36 15 2
36 18 6
36 20 15
36 21 20
36 22 12
36 25 8
36 28 18
36 29 16
36 30 24
36 31 9
36 34 20
36 35 5
37 1 21
37 3 8
37 6 1
37 8 12
37 9 21
37 11 4
37 13 8
37 14 4
37 19 18
37 20 22
37 21 3
37 23 12
37 25 23
37 31 16
37 32 17
37 33 25
37 35 7
37 36 24
38 0 2
38 4 6
38 8 10
38 9 3
38 10 10
38 14 16
38 15 5
38 16 11
38 21 1
38 23 17
38 24 11
38 26 18
38 27 25
38 28 17
38 31 11
38 34 25
38 35 10
38 36 21
38 37 5
39 1 8
39 2 11
39 8 5
39 10 4
39 11 5
39 12 7
39 13 15
39 14 20
39 15 7
39 16 24
39 17 15
39 19 10
39 22 14
39 23 10
39 24 11
39 27 21
39 29 21
39 31 8
39 34 5
39 38 25
40 2 5
40 3 1
40 4 14
40 6 2
40 8 24
40 10 1
40 12 19
40 13 19
40 15 1
40 19 18
40 22 6
40 23 20
40 24 15
40 26 7
40 27 16
40 29 4
40 31 13
40 34 10
40 35 11
40 37 9
40 39 6
41 0 15
41 1 11
41 3 6
41 6 8
41 8 14
41 15 5
41 17 1
41 21 8
41 22 17
41 24 5
41 30 18
41 32 14
41 34 3
41 36 21
41 37 24
41 38 21
41 39 6
42 1 15
42 2 5
42 3 20
42 11 6
42 14 14
42 16 13
42 17 22
42 18 5
42 21 12
42 22 5
42 23 5
42 25 14
42 26 1
42 28 1
42 29 7
42 30 10
42 31 13
42 32 22
42 33 12
42 34 18
42 35 14
42 36 10
43 0 16
43 2 22
43 3 20
43 5 6
43 9 4
43 13 18
43 14 13
43 22 9
43 23 14
43 24 22
43 25 20
43 26 13
43 28 12
43 29 9
43 32 14
43 33 18
43 34 8
43 35 15
43 37 25
43 41 20
44 1 17
44 4 23
44 7 8
44 8 8
44 9 18
44 10 24
44 12 21
44 16 12
44 17 5
44 23 9
44 24 13
44 25 2
44 28 1
44 29 23
44 30 9
44 32 3
44 33 14
44 34 21
44 35 22
44 36 23
44 39 16
44 40 15
44 41 3
44 42 12
44 43 16
45 0 18
45 3 20
45 6 6
45 7 12
45 9 13
45 11 24
45 17 10
45 18 15
45 26 4
45 27 22
45 29 20
45 31 23
45 32 7
45 33 14
45 34 10
45 36 8
45 41 12
45 43 18
45 44 16
46 0 18
46 4 9
46 5 12
46 7 2
46 8 15
46 9 24
46 10 12
46 11 11
46 14 13
46 15 6
46 16 17
46 17 18
46 18 1
46 19 12
46 20 22
46 29 25
46 31 21
46 32 9
46 33 7
46 38 25
46 39 2
46 42 24
46 44 3
47 2 22
47 4 21
47 7 13
47 10 23
47 12 17
47 15 17
47 18 19
47 23 23
47 24 23
47 26 12
47 28 14
47 31 11
47 33 23
47 34 13
47 39 10
47 46 21
48 2 2
48 3 18
48 11 6
48 13 4
48 14 18
48 16 8
48 17 9
48 20 16
48 21 17
48 22 23
48 23 13
48 28 24
48 32 18
48 33 19
48 35 14
48 37 22
48 38 5
48 42 7
48 43 12
48 46 11
49 1 11
49 4 15
49 6 1
49 8 25
49 9 22
49 18 12
49 19 12
49 20 16
49 21 15
49 23 21
49 24 12
49 31 24
49 32 7
49 35 22
49 36 22
49 38 23
49 39 25
49 40 15
49 41 15
49 43 6
49 44 12
49 46 21
49 47 1
50 0 4
50 7 2
50 8 13
50 10 13
50 13 13
50 14 7
50 16 3
50 17 8
50 18 13
50 19 16
50 20 11
50 21 14
50 22 3
50 24 9
50 30 5
50 31 21
50 35 9
50 36 18
50 38 21
50 39 7
50 40 17
50 42 16
50 49 9
51 0 16
51 1 20
51 4 17
51 5 20
51 6 9
51 8 10
51 9 25
51 10 10
51 13 20
51 18 12
51 21 5
51 26 14
51 27 7
51 29 25
51 31 14
51 34 19
51 35 10
51 37 18
51 39 11
51 40 17
51 41 2
51 42 8
51 43 11
51 45 7
51 46 13
51 48 15
51 49 13
51 50 19
52 0 2
52 1 2
52 2 8
52 6 2
52 8 20
52 12 1
52 13 1
52 14 21
52 17 24
52 18 24
52 20 6
52 21 19
52 22 22
52 26 19
52 27 12
52 28 17
52 29 5
52 30 6
52 32 21
52 33 2
52 36 22
52 39 7
52 40 12
52 41 16
52 43 19
52 45 11
52 47 6
52 48 5
52 50 4
53 6 2
53 7 1
53 8 4
53 9 4
53 10 6
53 11 8
53 14 16
53 16 6
53 17 14
53 18 11
53 23 7
53 24 5
53 27 5
53 28 16
53 33 14
53 34 19
53 36 19
53 41 6
53 42 3
53 43 23
53 45 18
53 46 17
53 49 2
54 0 22
54 1 12
54 2 8
54 3 16
54 4 22
54 6 2
54 8 6
54 10 20
54 11 14
54 13 15
54 14 15
54 21 16
54 22 1
54 25 22
54 26 10
54 30 6
54 34 19
54 36 17
54 43 22
54 45 4
54 46 19
54 48 2
54 50 18
54 51 22
55 6 15
55 7 15
55 12 17
55 13 18
55 19 20
55 20 14
55 22 24
55 31 19
55 34 9
55 38 9
55 39 19
55 41 14
55 43 11
55 44 7
55 51 12
55 53 20
55 54 2
56 0 5
56 2 17
56 3 17
56 5 21
56 6 15
56 8 23
56 9 10
56 11 9
56 12 22
56 13 22
56 16 11
56 17 6
56 26 21
56 30 12
56 31 24
56 32 19
56 34 13
56 35 10
56 36 13
56 37 2
56 38 24
56 40 23
56 43 1
56 46 23
56 49 4
56 51 10
57 0 20
57 1 3
57 6 3
57 7 21
57 8 7
57 10 6
57 12 18
57 13 21
57 14 5
57 15 6
57 16 9
57 17 23
57 20 18
57 21 23
57 22 1
57 23 12
57 26 2
57 27 10
57 28 17
57 29 3
57 31 15
57 37 10
57 41 12
57 42 10
57 43 24
57 44 25
57 46 8
57 48 15
57 49 1
57 50 22
57 52 14
57 53 12
57 54 8
58 2 23
58 3 1
58 4 22
58 5 4
58 7 13
58 9 1
58 12 11
58 14 23
58 17 5
58 18 10
58 19 24
58 21 2
58 23 13
58 24 17
58 27 2
58 32 16
58 33 5
58 34 20
58 35 2
58 37 10
58 38 3
58 39 21
58 40 11
58 41 17
58 42 12
58 44 13
58 45 9
58 47 23
58 48 19
58 49 23
58 50 21
58 51 5
58 52 21
58 55 2
58 56 1
58 57 19
59 3 16
59 4 6
59 6 14
59 7 17
59 8 20
59 9 2
59 10 7
59 11 5
59 12 23
59 14 10
59 15 5
59 17 4
59 21 8
59 22 7
59 23 16
59 25 19
59 29 3
59 30 7
59 33 10
59 34 19
59 35 10
59 36 12
59 38 1
59 39 6
59 40 7
59 41 6
59 43 10
59 44 18
59 45 6
59 46 24
59 50 24
59 52 11
59 53 13
59 56 13
59 57 23
59 58 18
