30
2 0 7
3 2 4
4 0 14
4 1 14
4 2 12
5 0 4
5 1 11
5 3 2
6 1 4
6 4 3
6 5 9
7 2 10
7 4 7
7 5 5
8 0 14
8 1 2
8 3 11
8 5 6
8 7 1
9 0 15
9 4 2
9 5 1
9 8 1
10 2 4
10 3 15
10 4 15
10 5 15
10 6 10
10 7 3
10 8 10
10 9 11
11 0 3
11 9 10
11 10 10
12 2 6
12 3 15
12 4 4
12 5 8
12 8 9
12 9 7
12 10 12
13 4 6
13 5 15
13 7 9
13 9 8
13 12 13
14 3 12
14 7 7
14 8 10
14 10 6
14 11 11
14 12 4
15 2 11
15 3 2
15 5 11
15 6 2
15 7 8
15 10 13
16 0 2
16 1 15
16 2 6
16 5 5
16 7 4
16 9 5
16 11 2
16 12 15
16 13 7
16 15 1
17 0 3
17 5 4
17 6 9
17 12 10
17 13 9
17 15 15
18 1 12
18 3 7
18 5 2
18 6 4
18 7 13
18 9 12
18 10 12
18 12 11
18 13 11
18 16 15
18 17 13
19 1 3
19 2 15
19 5 11
19 9 2
19 12 10
19 15 7
19 17 5
19 18 9
20 1 1
20 2 8
20 3 6
20 5 12
20 6 7
20 7 11
20 8 5
20 14 13
20 18 6
21 0 3
21 2 13
21 4 15
21 5 15
21 6 3
21 9 15
21 12 6
21 16 11
21 17 14
22 1 12
22 2 1
22 4 4
22 6 11
22 11 1
22 12 13
22 13 14
22 15 3
22 17 4
22 20 1
23 3 8
23 6 7
23 9 15
23 15 5
23 17 15
23 18 8
23 19 6
23 21 15
24 3 9
24 4 1
24 8 2
24 9 12
24 11 15
24 12 6
24 14 9
24 16 8
24 17 4
24 19 3
24 20 11
24 22 4
25 0 7
25 1 13
25 3 15
25 5 2
25 8 8
25 9 10
25 11 14
25 13 2
25 15 4
25 16 14
25 21 10
25 22 8
25 24 9
26 1 1
26 2 2
26 8 11
26 12 15
26 15 3
26 16 6
26 17 4
26 18 9
26 20 10
26 24 5
27 2 3
27 3 1
27 7 15
27 8 2
27 9 13
27 13 2
27 17 7
27 18 14
27 19 7
27 21 2
27 23 8
27 25 9
27 26 4
28 0 6
28 1 7
28 2 13
28 4 13
28 7 6
28 8 15
28 9 2
28 11 10
28 14 11
28 15 5
28 17 6
28 18 9
28 22 6
28 23 11
28 24 11
28 25 9
29 1 6
29 2 8
29 4 9
29 7 8
29 8 2
29 16 14
29 18 14
29 19 8
29 20 1
29 22 5
29 26 8
29 27 4
29 28 12
