70
1 0 11
2 0 5
2 1 6
3 0 20
3 1 8
4 0 7
4 1 8
4 2 3
4 3 2
5 3 10
6 2 20
6 4 18
7 1 8
7 2 20
7 3 19
7 4 2
8 2 7
8 3 3
8 5 10
8 7 4
9 0 8
9 2 16
9 3 13
9 4 5
9 8 12
10 0 14
10 1 9
10 2 7
10 4 15
10 6 14
10 7 6
10 8 8
10 9 14
11 0 5
11 1 20
11 2 2
11 3 2
11 5 9
11 6 12
11 7 4
11 10 1
12 0 18
12 1 3
12 3 15
12 5 20
12 6 1
12 7 20
12 8 18
12 10 12
13 2 4
13 3 13
13 4 2
13 10 1
13 11 19
13 12 11
14 1 1
14 2 20
14 3 8
14 5 3
14 6 11
14 7 2
14 9 2
14 10 15
15 0 5
15 2 18
15 4 1
15 5 13
15 6 18
15 7 15
16 1 10
16 2 18
16 4 17
16 5 20
16 6 19
16 7 18
16 9 20
16 10 8
16 11 11
16 13 6
16 15 20
17 0 12
17 1 17
17 2 13
17 3 13
17 4 5
17 5 15
17 7 11
17 8 11
17 12 4
17 14 10
17 16 14
18 2 8
18 4 17
18 5 13
18 7 15
18 14 7
18 16 7
19 1 5
19 4 6
19 6 5
19 7 2
19 8 3
19 10 15
19 11 2
19 13 11
19 17 17
19 18 5
20 8 2
20 9 14
20 13 7
20 14 17
20 15 16
20 16 5
20 18 12
21 1 8
21 2 20
21 6 1
21 7 15
21 8 12
21 17 15
21 19 6
22 0 15
22 5 10
22 8 15
22 10 4
22 11 15
22 12 12
22 18 9
22 19 4
23 1 2
23 2 12
23 3 16
23 4 4
23 6 1
23 7 12
23 12 4
23 14 11
23 17 13
23 19 14
23 21 8
24 1 7
24 3 5
24 5 4
24 6 2
24 7 16
24 9 19
24 14 8
24 15 5
24 16 13
24 17 20
24 18 10
24 22 15
24 23 13
25 0 3
25 4 9
25 5 17
25 7 14
25 8 18
25 11 18
25 15 12
25 16 9
25 17 4
25 21 11
25 23 13
26 0 13
26 3 3
26 5 2
26 6 12
26 7 5
26 10 3
26 11 3
26 14 1
26 15 11
26 17 18
26 19 7
26 20 10
26 21 4
26 22 6
26 24 9
27 2 16
27 3 12
27 4 9
27 5 6
27 6 5
27 7 20
27 9 15
27 10 19
27 11 11
27 12 8
27 14 19
27 15 7
27 20 2
27 21 19
27 23 10
27 25 15
27 26 18
28 0 13
28 4 18
28 5 13
28 6 13
28 11 9
28 13 6
28 16 20
28 21 14
28 22 16
28 25 3
29 1 3
29 2 7
29 5 2
29 7 3
29 10 7
29 14 18
29 16 3
29 17 19
29 18 8
29 20 4
29 21 2
29 23 6
29 24 10
29 27 15
29 28 14
30 3 7
30 8 4
30 9 14
30 10 6
30 12 13
30 13 13
30 14 15
30 15 16
30 16 15
30 17 2
30 19 17
30 20 8
30 23 1
30 28 15
31 0 10
31 1 1
31 2 9
31 3 13
31 4 19
31 6 12
31 7 1
31 8 13
31 13 4
31 14 13
31 16 1
31 21 20
31 22 15
31 23 19
31 30 19
32 0 13
32 1 8
32 2 17
32 3 4
32 4 10
32 5 5
32 7 6
32 8 5
32 9 1
32 10 5
32 11 10
32 15 7
32 16 14
32 17 17
32 18 18
32 21 3
32 23 3
32 24 1
32 25 17
32 26 20
32 31 20
33 0 19
33 1 5
33 2 12
33 3 11
33 4 18
33 6 1
33 8 12
33 11 2
33 14 15
33 21 1
33 22 20
33 24 9
33 27 11
33 28 17
33 30 7
34 0 2
34 1 12
34 8 14
34 9 14
34 10 4
34 11 8
34 13 13
34 15 13
34 16 12
34 18 16
34 20 19
34 21 7
34 23 8
34 25 17
34 26 20
34 27 8
34 30 4
34 33 18
35 0 17
35 1 13
35 2 20
35 3 1
35 9 18
35 10 20
35 13 19
35 14 9
35 19 6
35 20 14
35 22 17
35 23 19
35 24 7
35 25 9
35 28 9
35 30 3
35 32 5
35 33 9
36 1 11
36 3 14
36 9 1
36 12 1
36 14 4
36 15 14
36 18 7
36 19 1
36 20 10
36 21 9
36 22 15
36 23 9
36 24 8
36 26 6
36 28 19
36 31 6
37 1 14
37 2 15
37 5 2
37 6 1
37 7 20
37 9 8
37 13 19
37 16 14
37 18 1
37 21 19
37 22 5
37 23 10
37 24 20
37 28 20
37 29 13
37 30 10
37 31 14
38 0 20
38 1 16
38 2 10
38 3 14
38 5 15
38 6 1
38 7 2
38 9 11
38 11 18
38 14 20
38 15 15
38 16 20
38 17 3
38 20 15
38 21 5
38 22 16
38 23 11
38 26 7
38 29 5
38 32 8
38 34 14
38 35 3
38 36 1
38 37 20
39 0 6
39 4 14
39 8 5
39 9 8
39 12 7
39 14 10
39 18 19
39 19 6
39 20 1
39 21 1
39 23 9
39 24 7
39 25 13
39 26 20
39 28 2
39 30 10
39 33 6
39 36 3
39 38 5
40 3 2
40 5 13
40 6 4
40 8 12
40 9 4
40 11 1
40 13 19
40 17 9
40 19 7
40 21 8
40 24 12
40 25 13
40 27 9
40 28 5
40 29 9
40 30 3
40 31 8
40 34 6
40 36 11
40 39 16
41 0 15
41 6 10
41 8 5
41 9 10
41 14 15
41 17 1
41 18 11
41 19 5
41 23 16
41 25 8
41 26 8
41 28 2
41 29 11
41 30 1
41 34 17
41 39 5
42 2 4
42 4 2
42 6 9
42 7 7
42 8 19
42 9 7
42 10 6
42 11 16
42 13 9
42 14 2
42 15 8
42 17 3
42 18 13
42 20 9
42 26 5
42 29 13
42 30 9
42 31 8
42 32 8
42 38 17
42 40 7
42 41 7
43 0 8
43 1 12
43 3 7
43 4 9
43 6 13
43 7 9
43 8 17
43 10 3
43 11 15
43 14 11
43 15 11
43 16 11
43 17 2
43 19 10
43 20 1
43 21 2
43 22 7
43 23 15
43 24 1
43 25 13
43 28 15
43 30 15
43 32 14
43 34 17
43 36 5
43 37 17
43 39 17
43 40 1
44 1 15
44 2 16
44 3 14
44 7 17
44 8 13
44 9 9
44 10 6
44 11 2
44 12 4
44 13 3
44 15 7
44 17 16
44 20 19
44 21 11
44 26 19
44 35 12
44 36 9
44 38 5
44 39 14
44 42 6
45 0 17
45 1 10
45 2 17
45 3 5
45 4 11
45 7 5
45 8 4
45 9 7
45 10 6
45 11 4
45 12 4
45 14 18
45 19 18
45 20 2
45 21 2
45 22 16
45 23 16
45 26 18
45 27 3
45 29 11
45 30 5
45 33 11
45 34 3
45 38 6
45 40 3
45 41 12
45 43 8
45 44 19
46 1 8
46 4 18
46 5 11
46 6 12
46 8 2
46 10 10
46 11 13
46 13 5
46 15 20
46 16 4
46 17 16
46 22 13
46 25 3
46 26 5
46 29 7
46 32 15
46 33 12
46 34 18
46 35 6
46 36 17
46 37 6
46 38 5
46 44 9
47 0 10
47 1 12
47 2 1
47 3 2
47 6 19
47 8 5
47 12 8
47 14 4
47 15 9
47 16 15
47 17 16
47 18 4
47 19 18
47 21 1
47 24 2
47 25 11
47 27 14
47 29 14
47 34 14
47 36 7
47 38 6
47 41 14
47 45 2
48 0 5
48 3 8
48 4 5
48 6 1
48 7 8
48 11 2
48 12 13
48 15 10
48 16 19
48 18 3
48 19 4
48 20 5
48 21 3
48 23 13
48 25 17
48 26 20
48 27 4
48 28 17
48 31 3
48 32 3
48 35 12
48 37 6
48 41 2
48 42 11
48 43 16
49 2 6
49 4 20
49 9 3
49 12 7
49 14 19
49 15 2
49 16 3
49 20 11
49 22 18
49 24 7
49 25 17
49 27 9
49 30 11
49 34 3
49 38 9
49 39 1
49 43 11
49 44 13
49 45 5
49 48 18
50 0 6
50 1 1
50 3 2
50 4 4
50 5 13
50 6 15
50 8 9
50 10 11
50 11 8
50 18 13
50 23 2
50 25 5
50 26 2
50 28 8
50 29 18
50 33 4
50 34 13
50 39 15
50 40 20
50 41 15
50 42 14
50 43 15
51 1 13
51 4 1
51 5 1
51 6 19
51 7 4
51 8 9
51 9 15
51 12 13
51 13 15
51 17 19
51 18 4
51 20 12
51 26 19
51 31 18
51 32 11
51 33 6
51 34 3
51 35 12
51 38 12
51 40 1
51 41 9
51 42 9
51 45 15
51 46 16
51 49 10
52 0 14
52 1 18
52 3 14
52 8 5
52 10 7
52 11 7
52 12 9
52 13 19
52 14 2
52 19 9
52 21 13
52 23 13
52 25 11
52 27 10
52 28 20
52 29 16
52 31 11
52 32 1
52 35 19
52 36 19
52 37 14
52 40 19
52 43 3
52 46 19
52 48 6
52 49 17
53 0 9
53 3 4
53 4 10
53 5 10
53 8 19
53 15 12
53 16 20
53 19 1
53 20 17
53 22 10
53 26 12
53 29 1
53 30 18
53 32 1
53 34 18
53 38 10
53 42 13
53 44 11
53 46 20
53 47 6
53 50 12
54 2 6
54 3 5
54 5 12
54 6 8
54 7 17
54 11 4
54 12 3
54 13 4
54 15 8
54 16 17
54 19 12
54 21 6
54 22 19
54 23 15
54 26 4
54 27 9
54 32 13
54 34 9
54 36 10
54 37 13
54 39 4
54 42 19
54 43 18
54 45 20
54 47 2
54 49 11
54 50 19
54 52 8
54 53 15
55 1 9
55 2 4
55 3 9
55 4 8
55 6 14
55 8 4
55 9 10
55 11 18
55 14 12
55 16 13
55 17 8
55 18 17
55 19 16
55 25 6
55 27 10
55 30 2
55 31 20
55 32 9
55 33 11
55 34 10
55 35 9
55 38 6
55 39 14
55 40 13
55 44 17
55 45 3
55 46 12
55 49 4
55 50 12
56 1 10
56 3 19
56 5 2
56 7 9
56 10 5
56 11 19
56 13 14
56 15 4
56 16 13
56 19 16
56 20 5
56 22 8
56 25 9
56 26 11
56 27 9
56 31 1
56 34 20
56 37 17
56 39 8
56 40 10
56 42 10
56 43 17
56 45 11
56 46 3
56 49 9
56 50 11
56 53 4
56 55 11
57 0 11
57 1 11
57 3 14
57 5 6
57 6 17
57 8 17
57 11 14
57 17 3
57 19 20
57 20 7
57 33 9
57 35 3
57 37 11
57 39 2
57 41 10
57 42 12
57 43 5
57 45 14
57 48 16
57 49 1
57 53 4
57 55 10
58 1 17
58 2 14
58 6 1
58 7 20
58 9 20
58 10 20
58 11 15
58 12 12
58 13 12
58 14 8
58 15 19
58 20 17
58 22 13
58 25 2
58 27 13
58 31 8
58 37 4
58 38 11
58 40 16
58 41 14
58 43 3
58 47 5
58 48 3
58 50 17
58 53 11
58 54 17
58 55 6
58 56 6
58 57 19
59 3 8
59 4 5
59 5 5
59 6 10
59 7 1
59 8 14
59 9 19
59 10 16
59 15 4
59 16 1
59 17 18
59 19 13
59 21 14
59 23 20
59 25 8
59 27 4
59 29 7
59 35 10
59 39 8
59 40 20
59 41 6
59 45 19
59 47 20
59 48 1
59 49 2
59 51 5
59 57 2
59 58 14
60 1 2
60 3 15
60 5 10
60 6 10
60 8 8
60 10 12
60 12 20
60 14 18
60 19 2
60 20 16
60 21 14
60 23 16
60 25 7
60 29 12
60 31 4
60 36 17
60 38 8
60 39 10
60 40 7
60 42 2
60 44 6
60 45 10
60 47 9
60 48 14
60 49 12
60 51 2
60 52 17
60 56 14
60 57 12
60 59 19
61 0 1
61 2 19
61 3 9
61 4 2
61 5 10
61 6 10
61 7 4
61 8 7
61 9 5
61 11 16
61 12 20
61 14 9
61 15 11
61 16 12
61 17 11
61 25 7
61 27 19
61 33 2
61 36 5
61 38 9
61 41 18
61 44 3
61 45 7
61 47 6
61 49 10
61 50 12
61 54 6
61 59 10
61 60 12
62 1 14
62 5 9
62 6 3
62 9 20
62 12 15
62 14 3
62 17 19
62 19 17
62 21 14
62 23 18
62 24 11
62 26 7
62 29 3
62 31 16
62 32 18
62 35 14
62 36 9
62 37 18
62 40 18
62 41 14
62 42 18
62 45 6
62 46 12
62 47 12
62 48 20
62 49 5
62 52 19
62 54 16
62 55 12
62 59 11
62 60 14
62 61 17
63 0 10
63 2 7
63 6 17
63 7 5
63 9 6
63 12 20
63 13 11
63 14 11
63 15 13
63 16 6
63 18 1
63 19 2
63 24 9
63 31 14
63 32 18
63 33 4
63 35 1
63 37 3
63 38 14
63 39 6
63 41 1
63 42 5
63 43 1
63 44 2
63 47 5
63 48 1
63 52 6
63 55 7
63 57 4
63 58 9
63 59 1
63 61 7
63 62 5
64 2 12
64 3 13
64 7 7
64 8 9
64 11 16
64 15 10
64 18 17
64 19 1
64 20 19
64 22 13
64 27 5
64 28 10
64 30 13
64 33 19
64 35 12
64 38 9
64 40 17
64 41 10
64 43 11
64 44 17
64 46 11
64 47 19
64 50 15
64 51 4
64 52 8
64 56 18
64 58 18
64 60 19
64 62 10
65 0 11
65 2 17
65 3 20
65 7 1
65 8 3
65 9 5
65 10 4
65 11 13
65 15 17
65 16 3
65 18 18
65 22 8
65 25 11
65 26 6
65 27 5
65 28 19
65 30 6
65 32 12
65 34 16
65 36 13
65 37 8
65 38 8
65 44 10
65 45 1
65 48 13
65 49 9
65 54 6
65 55 20
65 57 10
65 58 10
65 63 4
66 0 4
66 8 12
66 10 14
66 12 10
66 14 3
66 16 13
66 17 17
66 20 1
66 21 11
66 22 1
66 24 18
66 27 13
66 28 8
66 29 9
66 31 16
66 32 17
66 33 7
66 34 6
66 35 19
66 36 8
66 37 6
66 38 14
66 42 4
66 43 8
66 47 14
66 49 16
66 50 3
66 53 1
66 54 2
66 55 2
66 56 20
66 58 11
66 60 15
66 61 5
66 64 3
66 65 13
67 0 1
67 1 1
67 2 3
67 4 18
67 5 13
67 8 9
67 9 10
67 10 5
67 12 19
67 13 19
67 18 5
67 21 1
67 22 20
67 23 12
67 25 11
67 26 9
67 27 18
67 29 7
67 31 15
67 35 14
67 37 3
67 38 5
67 40 18
67 41 19
67 48 11
67 50 20
67 52 1
67 53 4
67 54 6
67 59 16
67 61 15
67 62 15
67 65 10
67 66 10
68 4 10
68 5 5
68 6 17
68 7 1
68 8 17
68 10 5
68 11 12
68 13 4
68 14 3
68 15 10
68 17 18
68 18 14
68 20 12
68 21 14
68 22 10
68 23 20
68 24 4
68 25 2
68 28 20
68 31 6
68 35 15
68 41 6
68 43 17
68 45 15
68 46 11
68 48 16
68 50 20
68 52 16
68 53 14
68 55 13
68 56 11
68 58 14
68 59 12
68 60 2
68 63 15
68 65 10
69 1 11
69 2 5
69 3 20
69 4 16
69 9 19
69 10 20
69 14 20
69 17 9
69 18 9
69 19 20
69 21 15
69 31 3
69 33 1
69 34 16
69 35 3
69 36 19
69 37 20
69 41 20
69 42 12
69 47 15
69 48 7
69 57 6
69 60 16
69 63 5
69 64 16
69 65 17
69 68 15
