50
1 0 9
2 0 8
2 1 1
3 0 20
3 1 3
3 2 10
4 1 19
4 3 18
5 0 5
5 1 6
5 2 13
5 3 3
5 4 6
6 3 6
6 4 7
7 0 9
7 5 6
7 6 16
8 1 10
8 3 8
8 6 4
8 7 20
9 2 19
9 5 11
9 7 20
9 8 11
10 1 15
10 3 13
10 6 4
10 7 17
10 8 16
11 1 10
11 4 2
11 5 10
11 7 18
11 8 7
11 9 11
12 3 15
12 8 5
12 9 2
12 11 14
13 1 12
13 3 3
13 6 7
13 7 7
13 9 9
13 10 19
13 12 10
14 1 1
14 2 14
14 3 9
14 4 12
14 6 20
14 8 9
14 11 4
15 3 19
15 5 17
15 6 16
15 7 2
15 8 10
15 9 1
15 10 5
15 11 9
15 14 4
16 2 4
16 3 5
16 4 14
16 5 11
16 7 2
16 8 4
16 10 1
17 0 8
17 4 16
17 8 10
17 10 14
17 11 16
17 14 16
17 16 18
18 0 19
18 9 13
18 10 8
18 11 2
18 14 14
18 15 4
19 0 8
19 4 8
19 6 4
19 7 16
19 8 3
19 9 15
19 11 14
19 12 20
19 13 12
19 17 17
20 0 4
20 5 18
20 10 19
20 15 18
20 16 9
20 17 20
21 0 18
21 1 14
21 4 11
21 5 2
21 6 10
21 7 16
21 8 9
21 9 5
21 10 12
21 11 14
21 12 20
21 14 8
21 16 6
22 0 2
22 2 1
22 3 17
22 5 4
22 7 8
22 9 3
22 10 16
22 11 2
22 12 8
22 15 4
22 19 17
22 21 6
23 0 20
23 1 6
23 2 1
23 5 17
23 9 6
23 10 13
23 12 12
23 14 10
23 19 16
23 20 5
23 21 20
23 22 15
24 2 10
24 6 14
24 7 10
24 8 2
24 10 6
24 11 20
24 12 12
24 13 7
24 15 6
24 16 17
24 17 14
24 23 5
25 1 2
25 6 20
25 9 13
25 10 17
25 12 10
25 14 17
25 15 8
25 17 6
25 19 2
25 20 6
25 21 1
25 22 4
26 2 6
26 4 6
26 10 16
26 11 19
26 15 2
26 16 18
26 17 16
26 20 20
26 23 16
27 0 19
27 9 19
27 10 20
27 11 14
27 12 15
27 13 9
27 14 17
27 17 3
27 19 7
27 20 1
27 22 19
27 23 6
27 26 16
28 1 13
28 2 14
28 4 18
28 5 9
28 7 5
28 9 5
28 11 17
28 12 7
28 13 19
28 14 5
28 15 16
28 16 2
28 17 17
28 18 14
28 22 6
28 23 11
28 25 4
29 0 12
29 1 18
29 2 7
29 7 14
29 10 18
29 12 15
29 13 6
29 16 2
29 17 2
29 18 18
29 20 20
29 21 12
29 23 7
29 26 15
30 2 14
30 3 7
30 5 18
30 8 17
30 9 2
30 11 7
30 16 1
30 18 8
30 21 15
30 22 16
30 23 7
30 25 18
30 26 16
31 0 20
31 2 20
31 6 18
31 8 20
31 9 9
31 15 15
31 19 20
31 21 15
31 22 10
31 24 8
31 25 7
31 26 9
31 30 19
32 0 17
32 1 1
32 4 2
32 5 16
32 6 17
32 9 5
32 11 18
32 14 11
32 16 17
32 17 14
32 20 19
32 21 14
32 24 18
32 25 9
32 26 6
32 30 4
32 31 20
33 3 4
33 8 15
33 9 4
33 11 13
33 12 3
33 13 14
33 14 12
33 15 10
33 16 20
33 18 15
33 20 6
33 23 14
33 24 18
33 25 15
33 27 10
33 29 8
33 31 16
34 0 5
34 2 15
34 3 5
34 4 7
34 7 2
34 8 8
34 9 5
34 12 14
34 14 12
34 18 13
34 19 10
34 20 3
34 21 8
34 24 3
34 25 6
34 26 13
34 27 10
34 28 9
34 30 1
34 32 1
34 33 15
35 2 3
35 3 13
35 4 7
35 5 10
35 8 17
35 9 5
35 13 16
35 14 2
35 15 13
35 22 8
35 23 15
35 25 10
35 26 4
35 31 12
35 32 1
35 33 3
36 4 16
36 5 19
36 9 6
36 11 6
36 14 8
36 16 10
36 17 9
36 18 13
36 19 19
36 20 15
36 21 10
36 23 5
36 24 20
36 29 15
36 30 5
36 31 15
36 33 15
36 35 10
37 3 6
37 4 19
37 8 7
37 11 20
37 17 3
37 18 19
37 19 11
37 21 9
37 25 20
37 28 15
37 31 5
37 32 6
37 34 15
38 0 1
38 1 14
38 2 5
38 8 6
38 9 2
38 14 3
38 16 2
38 17 12
38 18 16
38 19 15
38 22 16
38 25 13
38 26 4
38 27 8
38 28 7
38 30 15
38 32 15
38 34 6
38 35 7
38 36 8
39 0 18
39 3 16
39 5 5
39 7 17
39 9 8
39 10 7
39 13 17
39 15 14
39 19 9
39 22 8
39 24 3
39 25 6
39 26 17
39 29 4
39 30 20
39 32 13
39 34 2
39 35 18
39 36 12
39 37 12
40 0 3
40 1 11
40 5 15
40 6 18
40 10 5
40 13 6
40 14 9
40 17 4
40 18 8
40 22 10
40 25 3
40 27 4
40 29 17
40 30 19
40 31 2
40 33 15
40 34 6
40 39 18
41 0 1
41 1 2
41 3 19
41 5 15
41 7 2
41 8 16
41 9 16
41 10 12
41 11 4
41 12 16
41 13 17
41 14 12
41 15 19
41 16 6
41 17 8
41 18 10
41 20 12
41 21 19
41 22 14
41 24 4
41 25 2
41 30 13
41 33 10
41 34 18
41 36 13
41 40 8
42 7 2
42 10 5
42 11 10
42 12 8
42 13 20
42 15 2
42 18 11
42 20 4
42 22 13
42 23 3
42 25 1
42 26 3
42 27 16
42 30 5
42 31 4
42 32 4
42 35 2
42 36 7
42 38 16
42 40 17
42 41 15
43 1 20
43 2 1
43 3 10
43 4 12
43 6 10
43 7 2
43 10 17
43 11 12
43 12 10
43 13 5
43 17 6
43 20 14
43 21 5
43 24 20
43 27 14
43 29 6
43 30 20
43 34 4
43 36 7
44 2 15
44 3 6
44 4 5
44 7 11
44 9 15
44 11 18
44 12 1
44 13 5
44 15 15
44 17 18
44 20 8
44 23 3
44 25 19
44 27 7
44 31 1
44 32 12
44 33 16
44 40 10
44 42 12
44 43 14
45 1 8
45 2 14
45 8 11
45 9 9
45 10 5
45 13 19
45 14 11
45 19 14
45 32 11
45 34 13
45 35 11
45 38 16
45 40 3
45 42 12
45 44 10
46 1 8
46 2 4
46 3 16
46 5 1
46 6 10
46 7 19
46 11 7
46 12 2
46 13 3
46 14 4
46 17 19
46 19 15
46 22 18
46 24 1
46 27 16
46 28 6
46 32 4
46 35 19
46 36 20
46 37 13
46 38 13
46 39 3
46 40 16
47 1 11
47 2 4
47 5 3
47 6 18
47 9 1
47 10 12
47 11 6
47 13 9
47 15 3
47 16 10
47 18 9
47 19 3
47 21 14
47 23 7
47 24 9
47 25 8
47 28 9
47 36 16
47 38 4
47 44 2
47 45 11
47 46 15
48 0 5
48 1 9
48 2 15
48 4 5
48 6 14
48 7 2
48 10 16
48 15 20
48 19 7
48 20 19
48 25 16
48 26 1
48 27 11
48 28 16
48 29 15
48 32 2
48 33 5
48 35 9
48 37 10
48 39 12
48 42 13
48 46 12
49 0 6
49 2 14
49 3 20
49 4 4
49 5 4
49 7 15
49 8 3
49 9 6
49 12 14
49 15 4
49 16 1
49 17 10
49 19 6
49 20 5
49 24 18
49 25 5
49 26 1
49 27 7
49 29 13
49 30 12
49 32 7
49 33 12
49 37 3
49 39 3
49 42 13
49 45 10
49 46 6
49 47 15
49 48 12
