40
2 0 18
3 0 6
3 2 6
4 1 1
4 3 10
5 4 15
6 0 6
6 1 4
6 3 5
6 5 2
7 1 11
7 2 7
7 3 1
7 6 18
8 1 17
8 3 20
8 6 12
9 1 4
9 2 1
9 3 7
9 5 18
9 7 8
10 1 3
10 5 1
10 6 10
10 7 17
11 2 20
11 3 11
11 5 9
11 6 11
11 8 20
11 10 20
12 2 19
12 3 19
12 4 9
12 5 16
12 10 4
13 0 20
13 1 17
13 2 17
13 5 2
13 7 3
13 8 10
13 11 1
14 3 6
14 4 10
14 5 3
14 10 14
14 12 14
15 1 8
15 6 11
15 7 9
15 10 17
15 12 14
15 13 5
15 14 6
16 2 15
16 6 5
16 8 19
16 11 16
16 12 2
16 13 14
16 14 16
16 15 5
17 0 13
17 2 13
17 3 4
17 4 19
17 5 2
17 6 17
17 13 8
17 15 9
17 16 4
18 3 11
18 5 14
18 6 3
18 7 6
18 8 3
18 11 7
18 16 13
19 0 11
19 2 18
19 5 16
19 6 16
19 7 6
19 8 9
19 10 14
19 11 2
19 15 11
19 16 12
20 0 17
20 1 4
20 2 12
20 3 5
20 6 7
20 7 17
20 10 2
20 11 3
20 13 6
20 16 15
21 3 13
21 5 1
21 6 8
21 8 3
21 9 1
21 11 20
21 13 10
21 17 1
22 0 19
22 3 18
22 6 20
22 8 12
22 12 1
22 13 13
22 14 14
22 16 2
22 18 9
22 19 17
22 21 7
23 0 18
23 1 12
23 3 9
23 5 12
23 6 4
23 7 19
23 11 11
23 12 7
23 14 19
23 19 6
23 20 8
23 21 9
24 4 4
24 5 12
24 7 14
24 8 5
24 9 17
24 10 14
24 11 4
24 12 9
24 13 1
24 16 19
24 17 18
24 18 16
24 21 7
24 22 2
25 1 9
25 4 19
25 5 16
25 8 9
25 10 6
25 11 10
25 13 4
25 14 19
25 17 8
25 20 20
25 24 15
26 0 8
26 1 1
26 2 14
26 3 11
26 5 7
26 6 10
26 10 18
26 11 9
26 13 1
26 14 10
26 15 10
26 17 9
26 18 1
26 20 10
26 23 4
26 24 16
27 1 14
27 2 19
27 3 12
27 5 3
27 6 1
27 7 15
27 10 20
27 14 13
27 19 11
27 21 2
27 22 8
27 24 3
27 25 3
27 26 20
28 1 12
28 2 1
28 4 9
28 6 18
28 8 13
28 9 4
28 11 14
28 14 15
28 16 7
28 18 2
28 19 1
28 21 9
28 24 17
28 25 4
28 26 7
28 27 2
29 0 7
29 2 4
29 4 7
29 5 9
29 9 18
29 10 15
29 12 7
29 14 8
29 15 1
29 17 12
29 18 9
29 19 5
29 23 18
29 24 19
29 25 17
30 0 12
30 1 7
30 2 4
30 7 12
30 10 9
30 12 14
30 13 13
30 15 2
30 17 19
30 19 9
30 20 17
30 21 7
30 22 15
30 23 4
30 25 12
30 26 10
30 28 9
30 29 2
31 0 9
31 3 1
31 4 14
31 10 13
31 15 18
31 16 12
31 17 7
31 18 10
31 19 11
31 23 1
31 24 2
31 25 13
31 26 8
31 27 20
31 29 15
32 1 1
32 11 8
32 12 8
32 15 1
32 17 10
32 18 10
32 24 7
32 26 8
32 31 7
33 0 2
33 1 15
33 4 15
33 8 11
33 9 20
33 10 5
33 11 3
33 14 17
33 16 13
33 18 16
33 19 7
33 20 4
33 21 10
33 23 9
33 25 18
33 32 12
34 1 16
34 2 11
34 3 3
34 4 5
34 5 17
34 8 18
34 10 18
34 11 12
34 12 15
34 14 14
34 18 10
34 20 2
34 24 4
34 30 8
34 31 5
34 32 4
35 1 13
35 2 17
35 3 8
35 11 20
35 16 16
35 17 17
35 20 8
35 26 9
35 28 14
35 29 13
35 30 2
35 32 6
35 34 2
36 0 18
36 2 8
36 5 13
36 7 5
36 10 12
36 11 4
36 13 3
36 19 20
36 22 1
36 24 7
36 25 11
36 26 17
36 27 2
36 31 18
36 33 9
37 2 19
37 3 7
37 4 12
37 7 9
37 13 3
37 15 20
37 16 13
37 18 5
37 20 5
37 22 17
37 23 4
37 24 20
37 25 13
37 26 9
37 29 14
37 32 7
37 33 16
37 36 7
38 1 2
38 2 16
38 3 5
38 4 8
38 6 7
38 11 19
38 16 11
38 19 19
38 25 18
38 26 8
38 30 19
38 31 20
38 32 17
38 35 13
38 36 18
39 0 7
39 2 6
39 4 7
39 5 4
39 8 11
39 12 1
39 13 18
39 14 7
39 15 12
39 18 5
39 21 8
39 22 16
39 23 11
39 24 16
39 27 8
39 32 4
39 37 1
